10.0461
10.11905
10.05524
10.1545
10.04791
9.921461
9.884583
10.01337
9.942238
9.97461
9.955375
10.11907
9.977769
10.21452
9.963226
10.03149
9.926527
9.94091
10.03731
9.989105
10.01157
10.05143
10.06623
9.885411
9.832613
9.815181
9.936455
10.03001
9.962493
10.05811
9.992886
9.993936
10.10533
10.03526
10.01512
9.958191
9.832677
9.888605
10.02678
9.94564
10.04618
9.924796
9.97103
10.04332
10.08332
10.10951
10.01186
9.973673
10.18561
9.956316
10.06088
9.871525
9.970889
9.868181
10.16632
9.853885
9.801311
10.06451
9.913611
9.804868
