2.525877
2.640538
1.56862
2.335368
2.359544
3.174772
2.640058
3.496518
3.045048
2.978037
3.943291
3.589206
3.163668
2.072711
1.924904
2.979392
2.26141
1.351177
1.246428
2.430533
2.987173
2.822068
1.85875
2.924732
1.855643
2.284461
3.093132
3.093701
1.965908
1.942351
1.933227
1.325517
2.55785
3.487248
2.956787
2.29401
2.621568
2.493069
2.871712
2.612859
2.942168
3.278022
2.482309
2.539829
2.192954
3.317627
3.098794
2.218427
3.513371
1.563566
1.626102
2.105653
1.6202
2.29902
2.67892
3.271037
2.882512
3.163981
2.176359
2.385755
