3.012693
3.584058
3.725158
3.577718
2.998407
3.023848
2.239592
2.598513
2.375231
2.938488
1.987088
3.553956
2.788909
2.861043
3.126431
2.689103
3.281687
3.090268
3.548292
3.447611
3.222163
2.936065
2.977325
2.946422
3.489086
2.643961
2.890108
2.711487
3.370986
3.20758
3.77932
3.366667
3.044462
2.560551
2.436864
2.859245
3.280842
2.291467
3.464322
2.456998
2.97412
2.176363
2.968475
3.242699
2.462539
3.105119
3.867474
2.830588
2.468799
3.591825
2.69516
2.984642
3.835256
3.362072
3.003657
3.342298
2.663558
2.285455
2.969253
2.987223
